210
1 1011010110001100
1 0100101101111000
0 1110010100100101
1 1010001010110110
1 0011001101001111
0 0101101000101110
1 0101110110110101
1 1010001010110110
1 0011001101001111
0 1110010100100101
1 0011001010001111
0 0101101000100110
1 0101110110101101
0 1110010111100101
0 1110010100100111
1 1011010110001100
1 0100101101111000
0 1110010100100101
1 1010001010110110
1 0011001101001111
0 0101101000101110
1 0101110110110101
1 1010001010110110
1 0011001101001111
0 1110010100100101
1 0011001010001111
0 0101101000100110
1 0101110110101100
0 1110010111100101
0 1110010100100101
1 1011010110001100
1 0100101101111000
0 1110010100100101
1 1010001010110110
1 0011001101001111
0 0101101000101110
1 0101110110110101
1 1010000110110110
1 0011001101001111
0 1110010100100101
1 0011001010001111
0 0101101000100110
1 0101110110101101
0 1110010111100101
0 1110010100100101
1 1011010110001100
1 0100101101111000
0 1110010100100101
1 1010001010110110
1 0011001101001111
0 0101101000101110
1 0101110110110101
1 1010001010110110
1 0011001101001111
0 1110010100100101
1 0011001010001111
0 0101101000100110
1 0101110110101101
0 1110010111110100
0 1110010100100101
1 1011010110001100
1 0100101101111000
0 1110010100100101
1 1010001010110110
1 0011001101001111
0 0101101000101110
1 0101110110110101
1 1010001010110110
1 0011001101001111
0 1110010100100101
1 0011001010001111
0 0101101000100110
1 0101110110101101
0 1110010111100101
0 1110010100100101
1 1011010110001100
1 0100101101111000
0 1110010100100101
1 1010001010110110
1 0011001101001111
0 0101101000101110
1 0101110110110101
1 1010001010110110
1 0011001101001111
0 1110010100100101
1 0011001010001111
0 0101101000100110
1 0101110110101101
0 1110010111100101
0 1110010100100101
1 1011010110001100
1 0100101101111000
0 1110010100100101
1 1010001010110110
1 0011001101001111
0 0101101000101110
1 0101110110110101
1 1010001010110110
1 0011001101001111
0 1110010100100101
1 0011001010001111
0 0101101000100110
1 0101110110101101
0 1110010111100101
0 1110010100100101
1 1011010110001100
1 0100101101111000
0 1110010100100101
1 1010001010110110
1 0011001101001111
0 0101101000101110
1 0101110110110101
1 1010001010110110
1 0011001101001111
0 1110010100100101
1 0011001010001111
0 0101101000100110
1 0101110110101101
0 1110010111100101
0 1110010100100101
1 1011010110001100
1 0100101101111000
0 1110010100100101
1 1010001010110110
1 0011001101001111
0 0101101000101110
1 0101110110110101
1 1010001010110110
1 0011001101001111
0 1110010100100101
1 0011001010001111
0 0101101000100110
1 0101110110101101
0 1110010111100101
0 1110010100100101
1 1011010110001100
1 0100101101111000
0 1110010100100101
1 1010001010110110
1 0011001101001111
0 0101101000101110
1 0101110110110101
1 1010001010110110
1 0011001101001101
0 1110010100100101
1 0011001010001111
0 0101101000100110
1 0101110110101101
0 1110010111100101
0 1110010100100101
1 1011010110001100
1 0100101101111000
0 1110010100100101
1 1010001010110110
1 0011001101001111
0 0101101000101110
1 0101110110110101
1 1010001010110110
1 0011001101001111
0 1110010100100101
1 0011001010001111
0 0101101000100110
1 0101110110101101
0 1110010111100101
0 1110010100100101
1 1011010110001100
1 0100101101111000
0 1110010100100101
1 1010001010110110
1 0011001101001111
0 0101101000101110
1 0101110110110101
1 1010001010110110
1 0011001101001111
0 1110010100100101
1 0011001010001111
0 0101101000100110
1 0101110110101101
0 1110010111100101
0 1110010100100100
1 1011010110001100
1 0100101101111000
0 1110010100100101
1 1010001010110110
1 0011001101001111
0 0101101000101110
1 0101110110110101
1 1010001010110110
1 0011001101001111
0 1110010100100101
1 0011001010001111
0 0101101000100110
1 0101110110101101
0 1110010111100101
0 1110010100100101
1 1011010110001100
1 0100101101111000
0 1110010100100101
1 1010001010110110
1 0011001101001111
0 0101101000101110
1 0101110110110101
1 1010001010110110
1 0011001101001111
0 1110010100100101
1 0011001010001111
0 0101101000100110
1 0101110110101101
0 1110010111100101
0 1110010100101111