2340
1 0111100110101100
0 0010110001111000
1 1101011110100101
0 1001000111010101
1 1010101001010000
0 1101000010000110
0 0111010001001110
1 0111111111101101
0 1100101110001010
1 0101111000101000
0 0101111100110110
1 0111110011010011
1 0000000111001010
1 0100110010001110
0 1001100001011100
1 0000010000010000
0 1100111101001111
0 1110010000000001
1 0101000110001011
0 1111101101101000
0 0010100000011010
0 0100001110010011
1 0010010111101100
1 0000010001000000
1 0111000100100011
0 1111100100101100
0 1000100000111100
1 0110111010110110
1 1111001111001101
0 0011001001111101
0 1100001001000000
0 0001001010111100
0 1000101101101100
0 0001001111101110
1 1111010110100100
1 1110011111001110
0 0011111011111100
0 0110001100000100
0 1110001111011100
0 0111011011101010
1 0001010010110011
1 0101000101111110
1 1001011000011111
1 0110011011101011
0 1100100100011000
1 0010001100101010
0 1000100001001101
0 0001111110101111
1 1001000001001011
1 0000110011100101
1 1110011010001110
1 1101011101000110
0 1011011011001110
0 1010011010010000
0 1011000011001010
1 1011001011101111
0 0100011001011111
0 0111000101000001
0 1100101110101101
0 1111010010000011
0 1101001101110101
0 0100111111100001
0 1000111001000001
0 1000111101101111
0 1011110111100011
0 1010111010001000
1 1101010111100110
1 1001001001001110
1 1011100110001101
0 1100001010000110
0 1011100101100111
1 0111000010101011
1 1011110000111011
0 1101111000011101
0 1101101111110101
0 1010011110010111
1 0010101111010000
0 1010100000111010
1 1110011101111100
1 0110111000000110
1 0001101110010110
1 0101011010000100
1 0011111100100001
0 1110000010111011
1 0000110010011101
0 0111101010011111
0 1111101011110111
0 0000000010101100
0 1001010100001101
1 0111101010011001
1 1101011010111100
0 1110000011010111
0 0110000110010100
0 0001010001010000
1 0010100001101111
1 0100101100100000
1 0101100001110011
0 0011011111011111
1 0010101011110111
0 0110001011010110
1 0111001111000111
0 1010001011010111
0 0101001101011001
1 1100010000111101
1 1110000011100011
0 1101101001100111
0 0000001101010000
0 0111010110000100
1 0011010001011110
0 0011001001111110
0 1001000011100110
0 0001111000110000
0 0000100000010011
1 1000000011001000
0 0100110101000110
1 1011000000000111
1 1000011011101011
1 0011001101010110
0 1010001100111011
0 0001100100011001
1 0011111100100100
1 0100001010111011
0 0111001101101000
0 1000110001011010
0 0000101001111100
0 0110101110010010
0 1001000111111110
0 1101101110100100
1 1111010100000110
1 0110000110011100
0 1011001000110101
0 0110000011111100
1 1011011001100101
0 0101110000100000
1 1000011111100101
0 1010000100000110
0 1110001101110100
0 0000010010111100
0 1010010100011011
1 0100111100010100
0 0010101110001101
1 1000110000100101
0 1000010001100011
0 1011011110001111
1 1111110011010100
0 0101011110000111
0 0111110000100101
1 0011100110001110
0 0010010100000000
1 0110000011100000
1 0010110110100001
0 0100011111111111
0 1010000101000000
0 0000111111000001
1 0110001000010110
1 1101010000001100
1 0110110000100011
0 0000001100001100
0 0100100000000100
1 1010110011111001
0 0001111111011100
0 0111100100101101
1 1001010010010001
0 1101001100010100
0 1010100100101110
0 0000110100101101
0 0010110111000000
1 0001101000100000
1 0000110110010100
1 1010011001001111
1 1001011000100010
1 0101100111001111
1 1100100011001100
0 1101011010111001
0 0011100101110101
1 0011001010011100
0 1101000110000000
1 1010010100000011
0 0101101101101010
0 1011111101110100
0 1100000001011000
1 1111110001001010
0 0000001111111100
0 1110011000010010
0 1101010101001001
1 0111111101101110
1 0000001001100001
1 1000111011101010
0 1001000110011111
0 1011000101111111
1 1011010110001100
1 1100101101111000
0 1110010100100101
1 1010001010110110
1 0011001101001111
0 0101101000101110
1 0101110110110101
1 1010001010110110
1 1011001101001111
0 1110010100100101
1 1011001010001111
0 0101101000100110
1 0101110110101101
0 1110010111100101
0 1110010100100101
1 1011010110001100
1 1100101101111000
0 1110010100100101
1 0010101010110110
1 0011001101001111
0 0101101000101110
1 0101110110110101
1 1010001010110110
1 0001001101001111
0 1110010100100101
1 0001001010001111
0 0101101000100110
1 0101110110101101
0 1110010111100101
0 1110010100100101
1 1011010110001100
1 0100101101111000
0 1110010100100101
1 1010001010110110
1 0011011101001111
0 0101101000101110
1 0010100101110100
0 1001101000110010
1 1101100010110110
1 0111110000010101
1 1011001101011110
1 1101111101110001
0 0101101110111000
0 1010101011110110
1 1100010101100010
1 1110000100010101
1 0011110100110010
0 1001100100000010
1 0100001101011001
0 0010110010000100
1 1000001011010011
1 1000000001111101
1 0111100111010100
0 0101100111010110
0 1101110100011010
0 0110001000110101
1 0010111000000101
0 1000000000100100
0 1010000000101111
0 0000001111011001
0 0100000100101101
1 0101110100011011
0 0100000100001011
0 0011111100101100
1 0101001110101101
0 1110001000101100
1 1010101000110101
1 1110110111011110
0 1110011101110001
1 0100010001111111
0 1100001111111010
0 0010001111000101
1 0110111000100100
1 0011100010111011
1 1001011110110011
1 0011001111110100
1 1001011101110001
1 1100111001111100
1 1010110010011101
1 0010011001111001
1 1011001011110110
0 1011000111010100
0 1001010100000010
0 0100011001011001
1 1101111111000011
0 1111010000011101
0 0011101101110111
0 0100100010101101
0 1000011101111110
1 0000010111110111
0 1111010111100000
0 1001111011000011
1 0001110000100110
1 1010001000011101
0 1111110000011101
0 0100000001001010
1 0110011000111010
0 1011111110100001
1 1100110101111110
0 0111001101111100
1 0000101000110011
1 1100000011111011
1 1010011001001110
1 1101110010001100
1 0001011010000111
1 1011001101001111
0 0011001000011100
0 0001110011101111
0 0100000001101000
0 0110110111000111
1 1101100100110111
1 1101010000110101
1 1111011101011110
1 0011011001101010
1 0000111100110000
1 1100100001011101
1 0001110000101010
1 0110101110011111
0 1011111000010111
1 1010100101110101
0 1011011010001100
0 0101100001100100
0 1000010010110101
0 1001000110010100
1 0101111111010001
1 1110100111011100
1 1010101111010100
1 1011010110001100
1 1100101101111000
0 1110010100100101
1 1010001010110110
1 0011001101001111
0 0101101000101110
1 1101110110110101
1 0010001010110110
1 0011001101001111
0 1110010100100101
1 0011001010001111
0 0101101000100110
1 0101110110101101
0 1110010111100101
0 1110110100100111
1 1011010110001100
1 0100101101111000
0 1110010100100101
1 1010101010110110
1 0011001101001111
0 0101101000101110
1 1101110110110101
1 1010001010110110
1 0011001101001111
0 1110010100100101
1 0011001010001111
0 0111101000100110
1 0111110110101100
0 1110010111100101
0 1110010100100101
1 1111010110001100
1 0100101101111000
0 1110010100100101
1 1010001010110110
1 1011001101001111
0 0101101000101110
1 1101110110110101
1 1010000110110110
1 1111001101001111
0 1110010100100101
1 0011001010001111
0 0101101000100110
1 0111110110101101
0 1110010111100101
0 1110010100100101
1 1011010110001100
1 0110101101111000
0 1110010100100101
1 1000001010110110
1 0010001101001111
0 0101101000101110
1 0101110110110101
1 1010001010110110
1 0111001101001111
0 1110010100100101
1 0011001010001111
0 0101101000100110
1 0101110110101101
0 1110010111110100
0 1110010100100101
1 0101100110110101
1 1010101001110110
1 0011001101001111
0 1110010100100101
1 0011101010001111
0 0101101000100110
1 0101110110101101
0 1110000111100101
0 1110010100100101
1 1011010111101100
1 0100001101111000
0 1110010101100101
1 1010001010110110
1 0011001101001111
0 0101101000101110
1 0101110110110101
1 1010001010110110
1 0010001101001111
0 1010010100100101
1 0011001010001111
0 0001101000100110
1 0101110110101101
0 1010010111100101
0 1100010100100101
1 1011010110001100
1 0000101101111000
0 1110110100100101
1 1010001010110110
1 1011001101001111
0 0101101000101110
1 0101110110110101
1 1010001010110110
1 0011001101001111
0 1110010100100101
1 0011001010001111
0 0101101000100110
1 0101110110101101
0 1110010111100101
0 1110010100100101
1 1011010110001100
1 0100101101111000
0 1110010100100101
1 1010001010110110
1 0011001101001111
0 0101101000101110
1 0101110110110101
1 1010001010110110
1 0011001101001101
0 1110010100100101
1 0011001010001111
0 0101101000100110
1 0101110110101101
0 1110010111100101
0 1110010100100101
1 1011010110001100
1 0100101101111000
0 1110010100100101
1 1010001010110110
1 0011001101001111
0 0101101110101110
1 0101110110110101
1 1010101010110110
1 0011101101001111
0 0101111000101110
1 0101110110110101
1 1010101010110110
1 0011001101001111
0 1101010100100101
1 0011101010001111
0 0111101000100110
1 0101110110101101
0 1010010111100101
0 1110010100101111
1 1011010110001100
1 0100101101111000
0 1110010100100101
1 1010001010110110
1 0011001101001111
0 0101101000101110
1 0101110110110101
1 1010001010110110
1 0011001101001111
0 1110010100100101
1 0011001010001111
0 0101101000100110
1 0101110110101101
0 1110010111100101
0 1110110100100111
1 1011010110001100
1 0100101101111000
0 1110010100100101
1 1010101010110110
1 0011001101001111
0 0101101000101110
1 0101110110110101
1 1010001010110110
1 0011001101001111
0 1110010100100101
1 0011001010001111
0 0101101000100110
1 0101110110101100
0 1110010111100101
0 1110010100100101
1 1011010110001100
1 0100101101111000
0 1110010100100101
1 1010001010110110
1 0011001101001111
0 0101101000101110
1 0101110110110101
1 1010000110110110
1 0011001101001111
0 1110010100100101
1 0011001010001111
0 0101101000100110
1 0101110110101101
0 1110010111100101
0 1110010100100101
1 1011010110001100
1 0100101101111000
0 1110010100100101
1 1010001010110110
1 0011001101001111
0 0101101000101110
1 0101110110110101
1 1010001010110110
1 0011001101001111
0 1110010100100101
1 0011001010001111
0 0101101000100110
1 0101110110101101
0 1110010111110100
0 1110010100100101
1 1011010110001100
1 0100101101111000
0 1110010100100101
1 1010001010110110
1 0011001101001111
0 0101101000101110
1 0101110110110101
1 1010001010110110
1 0011001101001111
0 1110010100100101
1 0011001010001111
0 0101101000100110
1 0101110110101101
0 1110010111100101
0 1110010100100101
1 1011010110001100
1 0100101101111000
0 1110010100100101
1 1010001010110110
1 0011001101001111
0 0101101000101110
1 0101110110110101
1 1010001010110110
1 0011001101001111
0 1110010100100101
1 0011001010001111
0 0101101000100110
1 0101110110101101
0 1110010111100101
0 1110010100100101
1 1011010110001100
1 0100101101111000
0 1110010100100101
1 1010001010110110
1 0011001101001111
0 0101101000101110
1 0101110110110101
1 1010001001110110
1 0011001101001111
0 1110010100100101
1 0011001010001111
0 0101101000100110
1 0101110110101101
0 1110010111100101
0 1110010100100101
1 1011010111101100
1 0100101101111000
0 1110010101100101
1 1010001010110110
1 0011001101001111
0 0101101000101110
1 0101110110110101
1 1010001010110110
1 0011001101001111
0 1110010100100101
1 0011001010001111
0 0101101000100110
1 0101110110101101
0 1110010111100101
0 1110010100100101
1 1011010110001100
1 0100101101111000
0 1110010100100101
1 1010001010110110
1 0011001101001111
0 0101101000101110
1 0101110110110101
1 1010001010110110
1 0011001101001111
0 1110010100100101
1 0011001010001111
0 0101101000100110
1 0101110110101101
0 1110010111100101
0 1110010100100101
1 1011010110001100
1 0100101101111000
0 1110010100100101
1 1010001010110110
1 0011001101001111
0 0101101000101110
1 0101110110110101
1 1010001010110110
1 0011001101001101
0 1110010100100101
1 0011001010001111
0 0101101000100110
1 0101110110101101
0 1110010111100101
0 1110010100100101
1 1011010110001100
1 0100101101111000
0 1110010100100101
1 1010001010110110
1 0011001101001111
0 0101101110101110
1 0101110110110101
1 1010001010110110
1 0011001101001111
0 1110010100100101
1 0011001010001111
0 0101101000100110
1 0101110110101101
0 1110010111100101
0 1100011100100101
1 1011011110001100
1 0100101101111000
0 1111010100100101
1 1110000010110110
1 0011001101001111
0 0101101000101110
1 0101111110110101
1 1010001010110110
1 0011001101001111
0 1110011100100101
1 0011001010001111
0 0101101000100110
1 0101110110101101
0 1110011111100101
0 1110011100100100
1 1011010110001100
1 0100101101111000
0 1110010100100101
1 1010001010110110
1 0011000101001111
0 0101101000001110
1 0101100110110101
1 1010001010110110
1 0011011101001101
0 1110100110100101
1 0011001000001111
0 0101101010100110
1 0101100110101101
0 1100000101100101
0 1110010000100101
1 1011010010001100
1 0110111001111000
0 1110110100100101
1 0010001000110110
1 1011101101001111
0 1101101000101110
1 1101110110110101
1 1010101010110110
1 1011001101001111
0 1101010100100101
1 1011101010001111
0 1111101000100110
1 1111110110101101
0 0000010111100101
0 1110010100101111
0 0111000101000010
1 1110001010110001
1 1111010110100011
1 1011001011010101
0 1000110001010110
0 0101110110011011
0 1001000011101100
1 1111001011100111
1 1111010110100010
1 1010111010111100
0 1010010110100111
0 0011011100001111
0 1111000010101101
1 0101100101010110
0 0010001100110011
0 0000001010100010
1 1110011101110101
1 0110110110100001
1 0001110101000011
1 1001101001001111
0 0011110000011101
0 1100101010101100
0 1101101110110101
1 0011000001111001
0 0001010100001101
0 1011011100111110
1 0000100101001001
1 1110011000110100
1 0101000011110001
1 1010010111011011
0 0101010101110100
0 0010001011010011
1 0101010000101101
0 0110001011110010
0 0010011110011101
0 0101100010000111
0 1100110110011010
1 0110000001110011
0 1010000011101000
1 0011110010001010
0 1001000101110010
1 0110000000110110
1 0011000110001110
0 1000100000110010
0 0001011010101001
0 0010010100010001
0 1110101010011110
0 1011011001000011
1 0011101110000011
1 0101111111111011
1 0001011000111000
1 1100010101110011
0 0100100011111010
0 1011100011010111
1 1011100001011001
1 0010011101010111
0 0001000010001100
1 0000101110001011
1 0110110110010110
1 1011111010001100
1 1101011001010110
1 0101111000100011
0 1110110110100001
0 1110110000111100
1 1101111011010001
1 0010110001111001
1 1000001011001101
0 1011001010011101
0 0101110111101111
1 0011000011011010
0 0010110011000100
0 0000111100111111
0 1011100101011010
0 1110011100011001
0 0000111101111100
0 0011111100110110
0 1011110101001101
0 0001100010000000
1 1001100101000100
1 0110110110111001
0 1001100010110011
1 1101000011000110
1 1101110000000011
0 1101100000110001
0 0110100000011001
1 1011011101011010
0 1101100111000111
0 1110110101111100
1 0010111110001010
1 0110011010110110
0 1011101010000000
1 0001011010100100
1 1010000010010101
0 1111101011010100
0 0010000111010011
0 0101110100000100
0 0101010010101100
1 1011110000101110
1 0000010111010000
1 0100100011101001
1 0000101011001101
1 0000110011111011
0 1000000001100101
1 0000010101110000
0 0100100100001111
1 1001100110111110
1 1010001010110110
1 0011001101001111
0 1110010100100101
1 0011001010001111
0 0101101000100110
1 0101110110101101
0 1110010111100101
0 1110010100100101
1 1011010110001100
1 0100101101111000
0 1111010100100101
1 1010001010110110
1 0011001101001111
0 0101101000101110
1 0101110110110101
1 1010001010110110
1 0011001101001111
0 1110010100100101
1 0011001010001111
0 0101101000100110
1 0101110110101101
0 1110010111100101
0 1110011100100100
1 1011010110001100
1 0100101101111000
0 1110011100100101
1 1010001010110110
1 0011001101001111
0 0101101000101110
1 0101100110110101
1 1010001010110110
1 0011001101001111
0 1110000100100101
1 0011001010001111
0 0101101000100110
1 0000100110101101
0 1010000111100101
0 0010110100100101
1 1011110110001100
1 0100111101111000
0 1110110100100101
0 0100010010101001
0 1100010101001001
1 0100010100001010
1 1000111011010111
1 1110110111100000
1 0001010000010101
0 0010100110110010
0 0011111101011111
0 0110000110001001
0 1011100011101100
0 0000111110001010
1 0111100011011001
1 0101001001011000
1 1001011000100011
0 0100001000000010
0 0111110000011110
1 1000100101111110
0 1001001110000101
1 0011110101000110
1 0011101101100010
0 0010101101011110
0 0101110011001001
0 0000001011001000
1 1101110000001010
0 1000011010111000
0 0010010000110100
0 0010110001010010
1 1010010100100100
0 0111100110100110
0 1111011111010101
0 1101010010111100
0 0011001011110001
0 0000010101011010
1 0011000001000000
0 0001100110100010
1 0001000000111111
1 0101011001011011
0 0000001110111010
0 0101100111101111
1 1100110000000101
1 0010000101110011
0 1000000100010110
0 1001000100110000
0 0100011001111100
1 0010111001011010
1 0001000111011111
1 0001110101010110
1 0110000111011111
0 0010011001100001
1 1111000111001001
1 0100111011010100
0 1010101010010001
0 0111101001101000
1 0111100000001000
0 1000000111111011
0 0000000000100100
1 0000010101010011
0 0110010101001100
1 1001100111110011
1 1100001000010100
0 1001100110100011
0 1010011001000010
0 1101010110111001
1 1000011011011101
1 1111101011000110
0 1110100011110010
1 0100111011100111
0 0010001100010111
1 1010000010101001
1 0010110100101011
1 0000010111100000
0 0010100001111011
0 1111010011011001
0 0101100011110101
1 0000011001100111
1 0110100010000100
1 0000001111001100
0 0110001001101011
0 1100111110110100
0 0011010101110100
1 0111000100100100
0 0000100010110111
0 0000101001010010
0 1001010000110100
1 0101001011001101
1 1011010110010111
1 1100111000100010
1 1011101111000010
0 1110111011111001
1 1010101111101101
1 0001100011010000
1 0101110010011101
1 1010001110110010
0 0111111100001000
1 0001111010100111
1 0001001010010011
0 0010100010101001
0 1110000011000000
0 0100110111111000
1 0011100100000010
0 1100011010011101
0 1001001001011011
0 1100111100001010
0 0001011000011101
1 1000000011101111
0 0111110011110001
0 0100110001011010
1 1001010111110101
1 0010110101111001
0 1100011101000010
1 1101000110101011
0 1110111101110001
0 0000100100111110
0 1111110000110110
0 1100000111001001
0 1011000110100111
1 1011100010011001
0 1101111011101001
1 1010000111110111
1 0000011100101010
0 1001100110000010
0 1100001000010011
1 0011101011000011
0 1100101001010111
0 0010001001110100
0 1100101010111011
1 1011010101101110
1 1001011100101011
1 0001100011101101
1 1100110011101011
1 0010101010110001
1 0000111010001100
1 0111100110111010
0 1111111111101000
1 0100010011001100
0 1110111010010110
1 1011001100001010
0 0111100110110001
1 0111001000101100
0 1001110000111011
0 0101000101001001
0 1111100011100100
1 1011100100101100
0 1001011111011111
1 0011111000101011
0 1100111111100001
1 1000101000001110
1 1100111010001111
1 0001101100010100
0 1110110111001101
1 1000000001001010
1 0100010001100101
1 0111110101111110
1 0010011111010101
1 1101000001111011
1 1100000110010101
0 1101100001110011
1 1011100100101100
1 1000001110001101
0 1001001110011101
1 0110110111011011
0 0110000011010100
1 0100011010000001
1 0011000001001100
1 0001010010001001
1 1000001000100000
1 1001001001000000
0 0101101101101011
1 1110111010010011
0 0101000101010101
0 1110100101110101
1 1110111100011000
1 0111010110010101
0 0010100111110011
0 0010101011100001
1 0010000110011011
1 0101110010001000
1 1001111100100101
1 1001001101101011
0 0001000100001111
0 0100001100001001
0 0110110101110101
1 0011111110001001
1 0010111001100000
1 1010100100001101
0 0011100001111001
1 1101001010011000
0 1100101010100011
0 0110000010010011
0 1010100000011101
0 0100110110001010
1 1101100101000001
0 0001011011001010
0 0100000100100010
0 0011000101111110
1 0100000110101101
0 1000101011111010
0 1011000101100110
0 1101100011100110
0 0000001100000010
1 0110000100010111
1 0101001000100001
1 1111011101010111
1 1100000100110001
1 1000101110011001
0 0101011101101011
0 1000110100101110
0 0011111010001011
0 1010100101011011
1 1000010011000000
1 0110001110111101
1 0110101111111010
0 1100010101000001
1 0011100011000011
0 1101000110111001
1 1000011101110011
0 0001111011010101
1 0110011000011001
0 1000011000001110
0 1110100110111100
1 1000100111000111
0 1000100011101110
1 1100011011100010
0 1101101100010101
1 0100011110110000
0 0101001010001101
0 0110010000000000
1 1011111110011000
0 0110110111101011
0 0011100011010011
1 1000101000111100
0 1101111011000000
0 0101101000100110
1 1110101001001000
1 1110011111111001
1 0011000001111000
1 1010001111110110
0 0100111000001011
1 1111010000100101
0 1110111010011101
0 1111101000001010
1 0001011000111101
1 0011111111111011
0 0111101011010110
0 1110001111100100
1 1111000010110100
0 0000001101111001
1 1111101010110100
1 0011000110111010
1 0110110000100001
0 1100010101111000
1 0100110010001010
0 1011100011011010
0 1111110011000100
0 1000001111111101
1 0000011111010010
1 1010101011000100
1 0101011011001111
0 1111100100000101
1 0111100001110001
1 1111001100011011
1 0010011001001100
0 1001111000011110
0 1010011010110011
0 0011011001111101
0 0010010001010010
0 0110101110001101
0 0011000010010011
0 1100010010101001
1 1111111000011010
0 1000110011001010
1 1000000000110101
1 0010000101101011
1 1110010100011011
1 0010101000010101
1 0100011100110010
1 1110111101110010
0 0011111011001000
1 0111110001001001
0 1110100011010111
0 1001000001101110
0 0110101111101111
1 1001001110000101
0 0100011110110000
0 1010000000110111
1 1101101011011100
0 1001000010111100
1 1111100010100110
1 0010010001100001
0 1101101001111010
1 0000000110011000
0 1101100010010010
0 1111001011011101
1 1000110100110011
1 0010001110011110
1 1111011011001101
0 0101010001011100
0 1100110111010001
0 1011011010011010
0 1111000000000010
1 1000110111101010
1 1001000000010100
0 0111000000000111
1 0110010010011000
1 1101101100011000
1 0011101110111000
0 0111011010011011
1 0010100001101100
0 0001110101110001
1 0000100001110010
0 0110111000101001
0 1001010000011010
1 0101001110110000
0 1110110101100001
0 1101011011010011
0 1011101001000010
0 0000011001110100
0 0101100100100001
0 0110011110010010
1 0110101001000010
1 1010100111111010
0 0101000001111001
1 1011110001110111
1 0111010111110100
0 0110110010101011
1 0110001111001100
0 0100010110001100
0 0001100001101101
1 1101001000010010
1 1011011110011000
0 0101110100011101
0 0111001011001100
1 1001100101000001
1 1111110011110000
1 0110111101000101
1 1001010100000100
0 0101000000001110
1 0001001000110111
1 1111000001101000
0 1001001111010001
1 1111101000000000
0 1010101011010110
1 0111010010111101
0 0111100101011110
0 1011111000110011
1 1011110101100110
1 0101100110111001
1 1010111011000101
1 0110010101100010
1 1111000010110011
1 1101000100100110
0 0001011111100001
1 1110000001111101
1 1110000100100001
0 0000001110011100
0 1001111111111111
1 0111010001110000
0 1010110001000101
1 1101101011011101
0 1011100100001110
1 1100111010110100
1 1111011110000011
0 1110101001101001
1 1101011100111110
0 1110111111110111
1 0011111001111111
0 1011110100011111
0 1010001111100100
1 1001101100010100
0 1100001101100010
0 0101000000100011
0 0001111011011010
1 1011011001011011
1 1000111100000110
0 0001000011110001
0 0011101101011111
1 0010000110111111
1 0111010101011111
0 1101100011011110
0 1011111100011000
1 0110001010110101
0 1010010001100001
1 0110110001100110
0 0010110000001111
0 1011110010011011
0 1011011001110000
1 1110000011001001
0 1011010000000100
0 0010000011110100
0 1101101110010110
0 1001010101011100
1 0111001111001001
0 1000101010101000
1 1101010000001011
0 1110101000000101
1 1111111111000001
1 0001001010011101
0 1011000010010010
0 1100110100101101
1 1111101011010001
0 0001001110011101
1 1010010000001101
1 1110000110011101
1 1001001100001101
0 0111001100001111
1 0011111101000001
1 1000100100101001
0 0011110110000110
1 0110000100001000
1 0110101101001000
1 0011011000000100
0 1110011010010000
1 1010010011001010
1 1010000100100011
1 1101000001011001
1 0010110010001011
0 1101101110110010
0 1111110111110001
0 1010001101011010
1 0100000010010000
1 1000001010000111
0 1101110100000111
1 1110110110001001
0 1011011000111110
0 1110010010111111
1 0100100101011000
0 0011001100111011
0 1011110101001011
1 0011111000001110
0 1111111110100000
1 1110011010110100
0 1110011111101010
1 0011101010010011
0 1110001100101101
0 1000100110101100
0 0010110111011001
0 1001100101000110
0 1011111100111100
0 1101001111001011
1 0001111001001010
0 1100011010000110
0 0010011010000011
1 1100101101111101
0 0011001101101010
1 0011110011111111
0 0101010011000100
0 1101011100111110
0 0110100100110101
1 0101101010100101
0 1001011101000000
0 1110100011010001
1 1100001000010101
0 1001010011110011
0 1101101011100110
1 0011100010001000
0 1100101001111111
0 0000010001001011
1 1010111000111100
1 0011110110001111
0 1010110001001110
0 0110000001111101
0 0010100101011110
0 0110110111010101
0 0000110101000101
0 0010101000101101
0 1011110010111100
0 0110110011010000
1 1100100010110001
1 0100111101111000
1 0011001001000101
1 0101000011001101
0 1010011010111010
0 0100101100100100
0 0010000111100101
1 0011110000000000
0 0000100000111011
0 1011111111101101
0 1001001110111101
1 1000101100001011
0 0111001110110000
0 0001101110001010
1 0000010110111101
0 1001111101011110
1 1010100011110110
0 0011110100100010
1 1110111000010010
1 1011111011111000
0 0110010010001111
0 1000110001010011
1 1111100101100110
1 1111111001000010
1 1111110010100100
0 1110101000010101
0 1011011010110111
0 1101101101000001
1 1101101011100001
0 1010111111110110
1 0111010110110000
1 0001111111001101
1 1101011011010100
1 1100010011010101
1 1001010010110000
0 1001110111010110
1 0010001111111000
0 1110001001110010
1 1110000001001000
1 0001000110001110
1 0010011001001000
0 1001010011101001
0 0010011110110101
1 0100111010101101
0 0001110010111010
0 1110000100011011
0 1001011101101111
0 0110010000001110
1 0001000100101100
0 0001001000110011
0 1111011110110100
1 1000100001110101
0 0101110010111101
1 0010111011110010
0 1111101010110010
0 0111101101111100
0 1111001101010011
1 1100001111001011
1 0100001011011000
0 0001110110111110
1 1011100111111111
1 1011101110010101
0 1000101111010001
1 1011111100001001
1 0011100011010110
0 0011111000001100
0 1110101101011111
0 0100100100100111
0 1110011101010011
0 1000000100001110
0 0111010001010111
1 1101001000101100
0 1010011011100111
1 0111001100100110
1 1000110010100001
0 1101101000110011
1 1001000000011001
0 1001001101010100
1 0110100111010010
1 0011010001111010
0 1101110101111010
0 0011000111100111
1 0000111101101101
1 1111001101110011
1 1001100101010101
0 0101000110001100
1 1111000110011110
1 0000011000100010
1 0010100001111001
0 0101100000010011
1 1001000111010000
0 1101000010001010
0 0000011010010101
1 0100010000010000
0 0000010100001101
1 0111111001001110
1 1001101100111010
1 0001010010100010
0 0001110001110000
1 1000010000010100
1 1001001101001111
1 1101101000100010
1 1110011010111000
1 0011011110110001
0 0011011000000100
1 0001101110111111
1 0001001001010110
1 0010100011001101
1 1110110100010000
1 0100011000101000
1 0000110001001101
1 0110110010010100
1 0001010011100101
0 0011001001100100
1 1001001101001011
1 0001000000100000
1 1010010011100000
0 1100100011011100
0 1011010110001010
1 1110101110100110
1 0100010011111000
1 0101110010101000
0 0001110000010110
1 1111101010110101
1 1011011000100111
0 0001010110111001
1 1111111111000000
0 0000010100101111
0 0011110110100001
0 0110010110001011
0 0111001000001000
1 1001111010000011
1 0101101110110000
0 0011010010101000
0 0011100110101001
1 1101101000111111
0 0000101100101010
1 1110011100011101
1 0111011110110000
1 0011111110010011
1 1110001111011101
0 1001011001010001
1 1110111101000101
1 1100100010000111
0 1010101000101010
0 0100110110000110
0 0001011110110110
1 1101100100000100
1 1001101010100011
1 0010010011111110
1 0111001101011101
0 0111010101011011
1 1100000001100100
1 1001101000011100
1 1101100100000100
1 1000001010101110
1 0110010111011011
0 1100111110000101
0 0011100101111100
1 1010100110011001
1 1011010101110000
1 0100010001001111
0 0101100010010011
0 1111111100011101
0 1110010100100101
1 0011001010001111
0 0101101000100110
1 0111110110101101
0 1110010111100101
0 1110010100100101
1 1011010110001100
1 0110101101111000
0 1110010100100101
1 1000001010110110
1 0010001101001111
0 0101101000101110
1 0101110110110101
1 1010001010110110
1 0111001101001111
0 1110010100100101
1 0011001010001111
0 0101101000100110
1 0101110110101101
0 1110010111110100
0 1110010100100101
1 1011010110001100
1 1100101101111000
0 1110010100100101
1 1010001010110110
1 0011001101001111
0 0101101000101110
1 0101110110110101
1 1010001010110110
1 1011001101001111
0 1110010100100101
1 1011001010001111
0 0101101000100110
1 0101110110101101
0 1110010111100101
0 1110010100100101
1 1011010110001100
1 1100101101111000
0 1110010100100101
1 0010101010110110
1 0011001101001111
0 0101101000101110
1 0101110110110101
1 1010001010110110
1 0001001101001111
0 1110010100100101
1 0001001010001111
0 0101101000100110
1 0101110110101101
0 1110010111100101
0 1110010100100101
1 1011010110001100
1 0100101101111000
0 1110010100100101
1 1010001010110110
1 0011011101001111
0 0101101000101110
1 0101100110110101
1 1010101001110110
1 0011001101001111
0 1110010100100101
1 0011101010001111
0 0101101000100110
1 0101110110101101
0 1110000111100101
0 1110010100100101
1 1011010111101100
1 0100001101111000
0 1110010101100101
1 1010001010110110
1 0011001101001111
0 0101101000101110
1 0101110110110101
1 1010001010110110
1 0010001101001111
0 1010010100100101
1 0011001010001111
0 0001101000100110
1 0101110110101101
0 1010010111100101
0 1100010100100101
1 1011010110001100
1 0000101101111000
0 1110110100100101
1 1010001010110110
1 1011001101001111
0 0101101000101110
1 0101110110110101
1 1010001010110110
1 0011001101001111
0 1110010100100101
1 0011001010001111
0 0101101000100110
1 0101110110101101
0 1110010111100101
0 1110010100100101
1 1011010110001100
1 0100101101111000
0 1110010100100101
1 1010001010110110
1 0011001101001111
0 0101101000101110
1 0101110110110101
1 1010001010110110
1 0011001101001101
0 1110010100100101
1 0011001010001111
0 0101101000100110
1 0101110110101101
0 1110010111100101
0 1110010100100101
1 1011010110001100
1 0100101101111000
0 1110010100100101
1 1010001010110110
1 0011001101001111
0 0101101110101110
1 0101110110110101
1 1010001010110110
1 0011001101001111
0 1110010100100101
1 0011001010001111
0 0101101000100110
1 0101110110101101
0 1110010111100101
0 1110010100100101
1 1011010110001100
1 0100101101111000
0 1111010100100101
1 1010001010110110
1 0011001101001111
0 0101101000101110
1 0101110110110101
1 1010001010110110
1 0011001101001111
0 1110010100100101
1 0011001010001111
0 0101101000100110
1 0101110110101101
0 1110010111100101
0 1110011100100100
1 1011010110001100
1 0100101101111000
0 1110011100100101
1 1010001010110110
1 0011001101001111
0 0101101000101110
1 0101100110110101
1 1010001010110110
1 0011001101001111
0 1110000100100101
1 0011001010001111
0 0101101000100110
1 0000100110101101
0 1010000111100101
0 0010110100100101
1 1011110110001100
1 0100111101111000
0 1110110100100101
1 1010101010110110
1 0011101101001111
0 0101111000101110
1 0101110110110101
1 1010101010110110
1 0011001101001111
0 1101010100100101
1 0011101010001111
0 0111101000100110
1 0101110110101101
0 1010010111100101
0 1110010100101111
1 1011010110001100
1 0100101101111000
0 1110010100100101
1 1010001010110110
1 0011001101001111
0 0101101000101110
1 0101110110110101
1 1010001010110110
1 0011001101001111
0 1110010100100101
1 0011001010001111
0 0101101000100110
1 0101110110101101
0 1110010111100101
0 1110110100100111
1 1011010110001100
1 0100101101111000
0 1110010100100101
1 1010101010110110
1 0011001101001111
0 0101101000101110
1 0101110110110101
1 1010001010110110
1 0011001101001111
0 1110010100100101
1 0011001010001111
0 0101101000100110
1 0101110110101100
0 1110010111100101
0 1110010100100101
1 1011010110001100
1 0100101101111000
0 1110010100100101
1 1010001010110110
1 0011001101001111
0 0101101000101110
1 0101110110110101
1 1010000110110110
1 0011001101001111
0 1110010100100101
1 0011001010001111
0 0101101000100110
1 0101110110101101
0 1110010111100101
0 1110010100100101
1 1011010110001100
1 0100101101111000
0 1110010100100101
1 1010001010110110
1 0011001101001111
0 0101101000101110
1 0101110110110101
1 1010001010110110
1 0011001101001111
0 1110010100100101
1 0011001010001111
0 0101101000100110
1 0101110110101101
0 1110010111110100
0 1110010100100101
1 1011010110001100
1 0100101101111000
0 1110010100100101
1 1010001010110110
1 0011001101001111
0 0101101000101110
1 0101110110110101
1 1010001010110110
1 0011001101001111
0 1110010100100101
1 0011001010001111
0 0101101000100110
1 0101110110101101
0 1110010111100101
0 1110010100100101
1 1011010110001100
1 0100101101111000
0 1110010100100101
1 1010001010110110
1 0011001101001111
0 0101101000101110
1 0101110110110101
1 1010001010110110
1 0011001101001111
0 1110010100100101
1 0011001010001111
0 0101101000100110
1 0101110110101101
0 1110010111100101
0 1110010100100101
1 1011010110001100
1 0100101101111000
0 1110010100100101
1 1010001010110110
1 0011001101001111
0 0101101000101110
1 0101110110110101
1 1010001001110110
1 0011001101001111
0 1110010100100101
1 0011001010001111
0 0101101000100110
1 0101110110101101
0 1110010111100101
0 1110010100100101
1 1011010111101100
1 0100101101111000
0 1110010101100101
1 1010001010110110
1 0011001101001111
0 0101101000101110
1 0101110110110101
1 1010001010110110
1 0011001101001111
0 1110010100100101
1 0011001010001111
0 0101101000100110
1 0101110110101101
0 1110010111100101
0 1110010100100101
1 1011010110001100
1 0100101101111000
0 1110010100100101
1 1010001010110110
1 0011001101001111
0 0101101000101110
1 0101110110110101
1 1010001010110110
1 0011001101001111
0 1110010100100101
1 0011001010001111
0 0101101000100110
1 0101110110101101
0 1110010111100101
0 1110010100100101
1 1011010110001100
1 0100101101111000
0 1110010100100101
1 1010001010110110
1 0011001101001111
0 0101101000101110
1 0101110110110101
1 1010001010110110
1 0011001101001101
0 1110010100100101
1 0011001010001111
0 0101101000100110
1 0101110110101101
0 1110010111100101
0 1110010100100101
1 1011010110001100
1 0100101101111000
0 1110010100100101
1 1010001010110110
1 0011001101001111
0 0101101110101110
1 0101110110110101
1 1010001010110110
1 0011001101001111
0 1110010100100101
1 0011001010001111
0 0101101000100110
1 0101110110101101
0 1110010111100101
0 1100011100100101
1 1011011110001100
1 0100101101111000
0 1111010100100101
1 1110000010110110
1 0011001101001111
0 0101101000101110
1 0101111110110101
1 1010001010110110
1 0011001101001111
0 1110011100100101
1 0011001010001111
0 0101101000100110
1 0101110110101101
0 1110011111100101
0 1110011100100100
1 1011010110001100
1 0100101101111000
0 1110010100100101
1 1010001010110110
1 0011000101001111
0 0101101000001110
1 0101100110110101
1 1010001010110110
1 0011011101001101
0 1110100110100101
1 0011001000001111
0 0101101010100110
1 0101100110101101
0 1100000101100101
0 1110010000100101
1 1011010010001100
1 0110111001111000
0 1110110100100101
1 0010001000110110
1 1011101101001111
0 1101101000101110
1 1101110110110101
1 1010101010110110
1 1011001101001111
0 1101010100100101
1 1011101010001111
0 1111101000100110
1 1111110110101101
0 0000010111100101
0 1110010100101111
1 1110010101000110
0 1011101101011100
0 0010100100001111
0 0001001000100010
1 1011100001110111
0 0101101011000010
0 0111111000100001
0 0010110111010011
0 1010110011000000
1 0100110100000010
1 1111100000000010
0 1101000000010000
1 0110101001011010
0 0110110011011110
0 0001010000010101
0 0111100101011011
1 0101101001101100
0 1111010000001101
1 1000000101001100
0 1010010011000111
1 0110111100000010
1 1011001001000100
1 0101001101101111
0 1100011010110011
1 0111000001110101
1 0100110100111010
0 0100101011101000
1 0000110001100101
1 1010000101111011
1 0000100000111001
1 0110001111000101
1 1011001110111010
1 0011100111010100
1 1010100011001101
1 0110001101001101
0 0001010000001100
0 1110010011011001
1 1001001011111000
1 1001110111111001
1 1111000101100010
0 0101010001000110
1 0010110100110000
0 1011011111001111
1 1101001100100110
1 1111110000011000
0 1111000000010000
1 1111010011010001
1 1110010011011010
1 0000010000111001
0 0111100001011110
1 0010110001010011
0 0100101111011111
0 1001000111110111
0 0001100111101111
1 0000111000001000
0 1100111010100100
1 1100110110110001
0 0000010000100011
0 0110000010000000
0 0101101000001000
0 0101101101100011
0 0001001001001010
1 0111011011000000
0 0001010010100000
1 0001010000000000
1 0000010101101001
0 1001001101111011
0 1000101100111001
0 0001101010100100
1 0111001010010010
0 1100100000000100
1 1010001011011000
1 0110011001101000
1 0011110101001101
1 1011010000000011
1 1011010110001100
1 1100101101111000
0 1110010100100101
1 1010001010110110
1 0011001101001111
0 0101101000101110
1 1101110110110101
1 0010001010110110
1 0011001101001111
0 1110010100100101
1 0011001010001111
0 0101101000100110
1 0101110110101101
0 1110010111100101
0 1110110100100111
1 1011010110001100
1 0100101101111000
0 1110010100100101
1 1010101010110110
1 0011001101001111
0 0101101000101110
1 1101110110110101
1 1010001010110110
1 0011001101001111
0 1110010100100101
1 0011001010001111
0 0111101000100110
1 0111110110101100
0 1110010111100101
0 1110010100100101
1 1111010110001100
1 0100101101111000
0 1110010100100101
1 1010001010110110
1 1011001101001111
0 0101101000101110
1 1101110110110101
1 1010000110110110
1 1111001101001111
0 0111001010000111
1 1100000000111010
1 1000010010101110
1 0110111000010000
0 0011101001101000
1 0101001001001010
1 0111100100100100
1 0001001100110111
0 1101001100010010
0 0001100100010001
1 0111001111101100
1 0110010010111010
1 1110000101011111
0 1101010101100011
0 1101011000111101
1 1101011111100111
0 1110110000101110
1 1000111011010001
1 0000000101011001
0 0001110100101001
0 1101101110100000
0 0110001100110101
1 1010011111111111
1 0111111001001101
1 0101110000001100
0 1110000001100010
0 0111101100000010
0 1001000111001000
0 1100100101011001
0 0100011010100110
1 0110011000001000
1 1100101001111010
1 0101100011010101
0 1000101011111010
1 0010000000001011
0 1001110001010100
1 0010010001011011
0 0000001101001101
1 1001001100111010
0 1000100001111001
1 1110010000010000
0 1011010101000100
0 0001001001001111
0 0111100101001011
0 0011010111011010
1 0111000001110110
0 0110010001011101
1 1111010110001110
0 1011010010111000
1 1011101000110110
1 0001011000000011
1 0010010111101000
0 1000000111100010
1 1101010110100010
0 0100011101110001
0 1100110010010011
1 1101000110111011
0 1011011101111000
1 1110010000011001
1 1100000011001110
1 1100100101100001
1 0010011011001100
1 0110011101000100
0 1010101111011111
0 1100101101000010
0 0101010000111000
0 0101001001101101
1 1110010111111101
1 1110001101000111
0 1101110000001100
1 0010111111100100
1 1100110111111000
1 0101110010110111
1 1101000111111011
0 0010011101011000
0 1001001110011011
0 0111110111111010
0 0001100111001000
1 1100111011001101
1 0010001010011110
1 1110001000101100
0 0010000011100011
1 0111010101001111
0 1101111001110010
0 1011110000111101
1 1000101000010000
0 1110110001100001
1 0010010010110111
0 1101100111110010
0 1011001101011100
1 1111000010010000
0 0101001110010101
0 0010001011100101
1 1100010010110010
1 0011010110011001
0 1111000100110010
0 0011001011010001
0 0100100000110100
0 1000111101011010
0 1111011101001010
0 0111011000010100
0 1010111101111110
0 1010100110000010
1 0111010101001010
0 1101011110110110
0 0011010010100111
1 0100000010100101
0 1110110010111010
1 1111100000101100
0 0010010001011110
0 0100101010111011
1 1101100001110011
0 0111101110101011
1 0010011001001000
1 1110001100011110
0 1001000001101011
0 0101111101001011
0 0011010100011010
0 0110001000111101
0 1001101110111010
1 1110110010011001
0 1101001010001100
1 0101011000000101
1 1110101110110011
0 0101100010111000
0 0001111001001100
1 0010000111111101
0 1111100001100000
1 0000111011010001
1 1110111001001111
1 1011100110110011
0 1010010001111101
0 1001110000111101
0 1101100011111111
1 0100110001110001
0 1001111000011100
0 0011010001000011
0 1010010011010010
1 0001010010011001
1 0010001011001110
0 0010100110011111
0 1001010100010010
1 1101111111000100
1 1111011001110001
0 1001110010111000
1 0001001111010011
0 0010010101011111
0 0001100111000000
0 0111010000011001
0 1100001001111110
0 0111101110110011
0 1100011100011000
1 1110110000011101
1 0101000001001110
1 1101000001100111
1 0100101100111000
0 1001101011101100
1 1010111000000011
1 1010001000111001
1 0001101100011101
0 0110110001000111
1 0010110111010101
0 0110100000111101
0 0100011101000001
1 1111101011110011
0 1010111100101010
0 0100011111101101
0 0000100001000001
0 0101111010011001
0 0000011011111100
1 1100000011010110
1 1001110011110101
1 1111111001100010
1 0101110100010101
1 1100100000000100
0 1110000010010101
1 1011001001001001
1 0110001011100010
1 0011010000001000
1 0001010110100100
0 1100100001001100
1 0010001111010111
1 1011010011011110
0 0011100010101010
1 0000110101001101
0 1101110001011100
1 0100000001101110
1 1111110100000111
1 1111101100000011
1 0000100110001110
0 1000110110101001
0 0011101101011001
1 0000010111010010
1 0110011010110000
0 0011000011001011
1 1110000110111101
0 1101110010001110
0 1000100011111100
1 0000000001100010
0 1000001010101101
1 0111100000011111
1 1110111110011110
1 0111111000111001
0 1010100111101010
1 0101100001100111
0 1001010111101001
0 0000101010101101
1 1100011101100100
0 0100110001100010
0 1001000100110110
1 1111010111001001
0 1101111001111011
1 0101010001100110
0 0111110000011000
0 1001100000110111
0 0010000111111100
1 1111110000010010
0 0100010111011010
1 0110011011001000
0 1001110000010100
0 0001010010100111
1 0000010001001011
0 0111111011000101
0 0111010001010111
0 0011101101000010
1 0010011001110000
1 1100000110100100
0 0011110000000000
0 0000111111010010
1 0100000011011011
1 0101000010011110
1 0010101110010111
1 0110111100010111
0 0011100110001000
1 1100000000111111
0 1111001110110001
1 0110111010100011
1 0111001101000111
0 1000011011010111
0 1010110110000100
1 0101110100000010
1 1101100100000111
1 0011111111001101
0 1001101010101100
0 1111110110011011
0 0010000001101101
0 1011111100011000
1 0010011101000110
0 0110000010110010
0 1111010110000011
0 1101011111100101
1 1101001001110101
1 0101011001100011
1 0011010110011111
0 1110111111100000
1 1111001111010001
0 0111010110001110
0 1000101011011010
0 0010100101101110
0 1101110001011011
1 1101001100110110
1 0100100011001010
0 0001010100010110
1 0110101000010011
0 1111001010110011
1 1110111101110101
1 1111101011000111
0 0011110011010110
0 0101000000000000
0 1011000001111110
0 0000100100101111
1 1111010101110110
1 1110000001100010
0 0011100010111000
0 0101100001111101
0 1001100011111100
1 1111000111010001
1 0010001110011100
1 0010100100001101
0 0001110011111010
1 0100100100011011
0 1111100001111011
0 1000110101111100
0 1111111000101111
0 1011111000110001
1 0001101001100111
0 1010100010011111
1 0000001001100011
1 1011001100011000
0 0001010011000110
1 0011111010010011
0 0110101101111010
1 0111100110101001
1 0000001101111000
1 1011100101100011
0 1110011100101101
0 1011111001110101
0 0110000001100101
0 1000100010110011
1 1010001100001101
1 0010001011000100
1 0011111000100000
1 1110101101000100
0 0001000100100011
1 1010110000100000
0 0000100000000110
0 0000000100111111
1 1111101001110010
0 1001100111000011
1 0110111011001001
0 1111000011000011
1 1010100101001000
1 1000011111101011
1 0010001000000000
0 0111000111101101
0 0100110011011010
1 0011100111011000
1 0000011011001110
0 0110000011111011
0 0111100110000101
0 0000011111100100
1 0110100100000010
0 1001010110100000
1 0101001111101010
0 0010101001001010
0 0101011110110110
0 0011010100110111
1 0111100010011011
1 0110010101010010
1 1111111100011111
0 1110111101101010
0 0011110101110100
1 0101011010001001
1 1001001111001100
0 0111101100001110
0 1000101101101100
0 1101101101011001
1 0010111010101110
1 0110011110111001
1 0001101000011100
1 0101011110011111
0 0001100111011110
0 0011001010100100
1 0110011100001001
0 0101100100010010
1 1000110011011010
1 1011111101111100
1 0101110011000110
0 0101001000100010
1 0100110000110001
0 1100101011101001
0 0000000010011011
0 1010100001000001
0 1101100111100001
1 0010010010011101
1 0010011110111001
1 0100111110011010
1 1001101110111100
1 0111000111111001
1 1110000101001000
1 0110001111100011
1 0100100101100001
1 0100011111011110
1 1111111001100011
0 1100011000011110
1 0101000110101010
0 1110101110100010
0 0011101001011000
0 0001111000010110
0 0100101010011011
0 1000100110000011
0 1100110101000011
0 1000110001010101
1 0010010010001101
1 0110111100001000
1 0000001000100101
0 1010110010010110
1 0011001001110100
0 0011001011101001
0 1101100011111101
0 1100111000101100
1 1011010000101011
0 1000100001100010
1 1001011011010000
0 1101111011011001
0 1011010000000110
1 1100001010011101
0 1111111000110001
1 0111001011110010
1 0110110000111011
1 1110101110100011
1 1101111000011100
0 1000100000010001
0 1010111110111101
0 1001000000001101
0 0001010101010000
0 1011011110010000
0 1011100010010100
0 0111000000000111
0 1001010100011010
1 0010010011110000
0 1101000011001111
0 1100111101101100
1 1001010001110001
0 0111000100000001
0 1110011100111110
1 1011111000001010
